[

{"target": "WMSCreate_tps",       "datapoints": [[0.0, 1400529600], [0.0, 1400529900], [0.59333333333333338,  1400530200], [0.0,                   1400530500], [0.0, 1400530800], [0.0, 1400531100]]}, 
{"target": "WMSRelease_tps",      "datapoints": [[0.0, 1400529600], [0.0, 1400529900], [0.026666666666666665, 1400530200], [0.0,                   1400530500], [0.0, 1400530800], [0.0, 1400531100]]}, 
{"target": "WMSContainerize_tps", "datapoints": [[0.0, 1400529600], [0.0, 1400529900], [0.0,                  1400530200], [0.0066666666666666662, 1400530500], [0.0, 1400530800], [0.0, 1400531100]]}, 
{"target": "WMSCreate_tps",       "datapoints": [[0.0, 1400529600], [0.0, 1400529900], [0.59333333333333338,  1400530200], [0.0,                   1400530500], [0.0, 1400530800], [0.0, 1400531100]]}, 
{"target": "WMSRelease_tps",      "datapoints": [[0.0, 1400529600], [0.0, 1400529900], [0.026666666666666665, 1400530200], [0.0,                   1400530500], [0.0, 1400530800], [0.0, 1400531100]]}, 
{"target": "WMSContainerize_tps", "datapoints": [[0.0, 1400529600], [0.0, 1400529900], [0.0,                  1400530200], [0.0066666666666666662, 1400530500], [0.0, 1400530800], [0.0, 1400531100]]}

]
